                                             A ZAMS Stellar Model
                                             --------------------

                                             M    = 2.0 solar
                                             L    = 2.0 solar
                                             R    = 0.963167293428313 solar
                                             Teff = 7000.0 K    
                                             X    = 0.3
                                             Y    = 0.49999999999999994
                                             Z    = 0.2



 zone      r               tau          1-M_r/Ms         L_r              T              P              rho             kap            eps        dlnPdlnT
0        6.699E8        0E0        0E0        7.678E26                0E0        0E0        0E0        0E0        0E0        r  99.9
1        6.692E8        2.897E0         1.653E-13        7.678E26        1.052E4        1.937E1        1.744E-7        4.959E1        8.199E-75        r 1E0
2        6.692E8        5.925E0        2.48E-13        7.678E26        2.845E4        5.414E1        2.146E-7        1.827E0        4.136E-56        c  1.028E0
3        6.686E8        6.268E0        4.947E-13        7.678E26        3.742E4        1.581E2        4.763E-7        1.332E0        1.21E-51        r  3.596E0
4        6.679E8        7.713E0        1.12E-12        7.678E26        3.743E4        4.224E2        1.272E-6        2.891E0        3.254E-51        r  9.99E1
5        6.672E8        9.244E0        1.744E-12        7.678E26        3.744E4        6.872E2        5.77E-7        1.546E0        1.488E-51        r  9.99E1
6        6.665E8        1.208E1        2.782E-12        7.678E26        3.746E4        1.13E3        1.907E-6        3.975E0        4.997E-51        r  9.99E1
7        6.659E8        3.58E1        6.196E-12        7.678E26        3.761E4        2.593E3        6.259E-6        1.01E1        1.876E-50        r  9.99E1
8        6.652E8        2.065E2        1.715E-11        7.678E26        3.872E4        7.306E3        1.963E-5        2.274E1        1.522E-49        r  3.286E1
9        6.645E8        9.512E2        4.869E-11        7.678E26        4.32E4        2.092E4        5.233E-5        3.397E1        1.352E-47        r  8.825E0
10        6.639E8        2.864E3        1.229E-10        7.678E26        5.118E4        5.31E4        1.132E-4        3.477E1        5.215E-45        r  5.136E0
11        6.632E8        6.475E3        2.704E-10        7.678E26        6.042E4        1.173E5        2.126E-4        3.221E1        1.178E-42        r  4.55E0
12        6.625E8        1.237E4        5.327E-10        7.678E26        6.999E4        2.319E5        3.638E-4        2.96E1        1.125E-40        r  4.474E0
13        6.619E8        2.132E4        9.643E-10        7.678E26        7.967E4        4.212E5        5.817E-4        2.738E1        5.283E-39        r  4.482E0
14        6.612E8        3.42E4        1.633E-9        7.678E26        8.941E4        7.159E5        8.826E-4        2.554E1        1.434E-37        r  4.502E0
15        6.605E8        5.206E4        2.624E-9        7.678E26        9.918E4        1.154E6        1.284E-3        2.398E1        2.543E-36        r  4.52E0
16        6.598E8        7.607E4        4.035E-9        7.678E26        1.09E5        1.781E6        1.805E-3        2.264E1        3.216E-35        r  4.534E0
17        6.592E8        1.075E5        5.986E-9        7.678E26        1.188E5        2.65E6        2.467E-3        2.148E1        3.094E-34        r  4.546E0
18        6.585E8        1.478E5        8.612E-9        7.678E26        1.287E5        3.826E6        3.292E-3        2.047E1        2.377E-33        r  4.555E0
19        6.578E8        1.986E5        1.207E-8        7.678E26        1.386E5        5.38E6        4.302E-3        1.957E1        1.513E-32        r  4.562E0
20        6.572E8        2.615E5        1.654E-8        7.678E26        1.485E5        7.397E6        5.523E-3        1.877E1        8.219E-32        r  4.568E0
21        6.565E8        3.384E5        2.222E-8        7.678E26        1.584E5        9.97E6        6.982E-3        1.804E1        3.895E-31        r  4.572E0
22        6.558E8        4.313E5        2.933E-8        7.678E26        1.684E5        1.321E7        8.705E-3        1.739E1        1.641E-30        r  4.576E0
23        6.552E8        5.423E5        3.812E-8        7.678E26        1.784E5        1.722E7        1.072E-2        1.679E1        6.239E-30        r  4.58E0
24        6.545E8        6.737E5        4.887E-8        7.678E26        1.884E5        2.215E7        1.306E-2        1.624E1        2.167E-29        r  4.582E0
25        6.538E8        8.278E5        6.187E-8        7.678E26        1.985E5        2.814E7        1.576E-2        1.574E1        6.952E-29        r  4.585E0
26        6.531E8        1.007E6        7.745E-8        7.678E26        2.086E5        3.534E7        1.885E-2        1.527E1        2.077E-28        r  4.587E0
27        6.525E8        1.215E6        9.596E-8        7.678E26        2.187E5        4.394E7        2.236E-2        1.484E1        5.821E-28        r  4.589E0
28        6.518E8        1.453E6        1.178E-7        7.678E26        2.288E5        5.413E7        2.634E-2        1.444E1        1.541E-27        r  4.59E0
29        6.511E8        1.726E6        1.434E-7        7.678E26        2.389E5        6.61E7        3.081E-2        1.406E1        3.873E-27        r  4.592E0
30        6.505E8        2.036E6        1.731E-7        7.678E26        2.491E5        8.009E7        3.582E-2        1.371E1        9.289E-27        r  4.593E0
31        6.498E8        2.386E6        2.076E-7        7.678E26        2.593E5        9.635E7        4.14E-2        1.338E1        2.134E-26        r  4.594E0
32        6.491E8        2.78E6        2.472E-7        7.678E26        2.695E5        1.151E8        4.761E-2        1.307E1        4.714E-26        r  4.595E0
33        6.485E8        3.221E6        2.925E-7        7.678E26        2.797E5        1.367E8        5.448E-2        1.278E1        1.005E-25        r  4.596E0
34        6.478E8        3.714E6        3.441E-7        7.678E26        2.9E5        1.614E8        6.205E-2        1.25E1        2.071E-25        r  4.597E0
35        6.471E8        4.263E6        4.027E-7        7.678E26        3.003E5        1.895E8        7.038E-2        1.224E1        4.141E-25        r  4.597E0
36        6.464E8        4.871E6        4.689E-7        7.678E26        3.106E5        2.214E8        7.952E-2        1.199E1        8.049E-25        r  4.598E0
37        6.458E8        5.542E6        5.433E-7        7.678E26        3.209E5        2.574E8        8.95E-2        1.176E1        1.524E-24        r  4.598E0
38        6.451E8        6.283E6        6.268E-7        7.678E26        3.313E5        2.98E8        1.004E-1        1.153E1        2.815E-24        r  4.599E0
39        6.444E8        7.096E6        7.201E-7        7.678E26        3.417E5        3.435E8        1.122E-1        1.132E1        5.084E-24        r  4.599E0
40        6.438E8        7.987E6        8.24E-7        7.678E26        3.521E5        3.944E8        1.251E-1        1.111E1        8.986E-24        r  4.6E0
41        6.431E8        8.96E6        9.394E-7        7.678E26        3.625E5        4.512E8        1.39E-1        1.092E1        1.557E-23        r  4.6E0
42        6.424E8        1.002E7        1.067E-6        7.678E26        3.73E5        5.143E8        1.54E-1        1.073E1        2.648E-23        r  4.601E0
43        6.418E8        1.118E7        1.208E-6        7.678E26        3.834E5        5.843E8        1.702E-1        1.055E1        4.425E-23        r  4.601E0
44        6.411E8        1.243E7        1.364E-6        7.678E26        3.939E5        6.617E8        1.877E-1        1.038E1        7.272E-23        r  4.601E0
45        6.404E8        1.379E7        1.534E-6        7.678E26        4.045E5        7.472E8        2.064E-1        1.022E1        1.177E-22        r  4.602E0
46        6.397E8        1.526E7        1.722E-6        7.678E26        4.15E5        8.413E8        2.265E-1        1.006E1        1.876E-22        r  4.602E0
47        6.391E8        1.685E7        1.926E-6        7.678E26        4.256E5        9.446E8        2.481E-1        9.905E0        2.95E-22        r  4.602E0
48        6.384E8        1.856E7        2.15E-6        7.678E26        4.362E5        1.058E9        2.711E-1        9.758E0        4.577E-22        r  4.602E0
49        6.377E8        2.039E7        2.394E-6        7.678E26        4.468E5        1.182E9        2.957E-1        9.617E0        7.015E-22        r  4.603E0
50        6.371E8        2.237E7        2.659E-6        7.678E26        4.574E5        1.317E9        3.22E-1        9.48E0        1.062E-21        r  4.603E0
51        6.364E8        2.449E7        2.946E-6        7.678E26        4.681E5        1.465E9        3.499E-1        9.349E0        1.591E-21        r  4.603E0
52        6.357E8        2.676E7        3.258E-6        7.678E26        4.788E5        1.625E9        3.797E-1        9.221E0        2.357E-21        r  4.603E0
53        6.351E8        2.918E7        3.595E-6        7.678E26        4.895E5        1.8E9        4.113E-1        9.098E0        3.456E-21        r  4.603E0
54        6.344E8        3.177E7        3.959E-6        7.678E26        5.002E5        1.989E9        4.448E-1        8.979E0        5.019E-21        r  4.603E0
55        6.337E8        3.454E7        4.352E-6        7.678E26        5.11E5        2.194E9        4.803E-1        8.864E0        7.222E-21        r  4.604E0
56        6.33E8        3.748E7        4.774E-6        7.678E26        5.218E5        2.415E9        5.179E-1        8.752E0        1.03E-20        r  4.604E0
57        6.324E8        4.061E7        5.229E-6        7.678E26        5.326E5        2.655E9        5.578E-1        8.644E0        1.456E-20        r  4.604E0
58        6.317E8        4.394E7        5.717E-6        7.678E26        5.434E5        2.913E9        5.998E-1        8.539E0        2.043E-20        r  4.604E0
59        6.31E8        4.748E7        6.241E-6        7.678E26        5.543E5        3.191E9        6.442E-1        8.437E0        2.843E-20        r  4.604E0
60        6.304E8        5.123E7        6.802E-6        7.678E26        5.652E5        3.49E9        6.911E-1        8.338E0        3.928E-20        r  4.604E0
61        6.297E8        5.521E7        7.402E-6        7.678E26        5.761E5        3.811E9        7.405E-1        8.242E0        5.388E-20        r  4.604E0
62        6.29E8        5.941E7        8.043E-6        7.678E26        5.87E5        4.155E9        7.925E-1        8.148E0        7.34E-20        r  4.604E0
63        6.284E8        6.386E7        8.727E-6        7.678E26        5.979E5        4.525E9        8.472E-1        8.057E0        9.934E-20        r  4.604E0
64        6.277E8        6.856E7        9.457E-6        7.678E26        6.089E5        4.92E9        9.047E-1        7.969E0        1.336E-19        r  4.605E0
65        6.27E8        7.353E7        1.023E-5        7.678E26        6.199E5        5.343E9        9.651E-1        7.883E0        1.786E-19        r  4.605E0
66        6.263E8        7.876E7        1.106E-5        7.678E26        6.309E5        5.796E9        1.029E0        7.799E0        2.373E-19        r  4.605E0
67        6.257E8        8.428E7        1.194E-5        7.678E26        6.42E5        6.278E9        1.095E0        7.717E0        3.136E-19        r  4.605E0
68        6.25E8        9.009E7        1.287E-5        7.678E26        6.531E5        6.793E9        1.165E0        7.637E0        4.121E-19        r  4.605E0
69        6.243E8        9.62E7        1.386E-5        7.678E26        6.642E5        7.341E9        1.238E0        7.56E0        5.387E-19        r  4.605E0
70        6.237E8        1.026E8        1.491E-5        7.678E26        6.753E5        7.925E9        1.315E0        7.484E0        7.008E-19        r  4.605E0
71        6.23E8        1.094E8        1.602E-5        7.678E26        6.864E5        8.546E9        1.395E0        7.41E0        9.071E-19        r  4.605E0
72        6.223E8        1.165E8        1.72E-5        7.678E26        6.976E5        9.206E9        1.478E0        7.338E0        1.169E-18        r  4.605E0
73        6.217E8        1.239E8        1.844E-5        7.678E26        7.088E5        9.907E9        1.566E0        7.267E0        1.499E-18        r  4.605E0
74        6.21E8        1.317E8        1.976E-5        7.678E26        7.2E5        1.065E10        1.657E0        7.198E0        1.914E-18        r  4.605E0
75        6.203E8        1.399E8        2.114E-5        7.678E26        7.313E5        1.144E10        1.753E0        7.131E0        2.433E-18        r  4.605E0
76        6.196E8        1.485E8        2.261E-5        7.678E26        7.425E5        1.227E10        1.852E0        7.065E0        3.081E-18        r  4.605E0
77        6.19E8        1.575E8        2.415E-5        7.678E26        7.538E5        1.316E10        1.956E0        7E0        3.885E-18        r  4.605E0
78        6.183E8        1.668E8        2.577E-5        7.678E26        7.652E5        1.409E10        2.064E0        6.937E0        4.881E-18        r  4.605E0
79        6.176E8        1.766E8        2.748E-5        7.678E26        7.765E5        1.508E10        2.177E0        6.875E0        6.109E-18        r  4.605E0
80        6.17E8        1.869E8        2.928E-5        7.678E26        7.879E5        1.613E10        2.294E0        6.815E0        7.617E-18        r  4.605E0
81        6.163E8        1.976E8        3.117E-5        7.678E26        7.993E5        1.723E10        2.416E0        6.756E0        9.466E-18        r  4.605E0
82        6.156E8        2.088E8        3.316E-5        7.678E26        8.107E5        1.839E10        2.543E0        6.698E0        1.172E-17        r  4.605E0
83        6.15E8        2.204E8        3.525E-5        7.678E26        8.222E5        1.962E10        2.675E0        6.641E0        1.447E-17        r  4.605E0
84        6.143E8        2.326E8        3.744E-5        7.678E26        8.336E5        2.092E10        2.813E0        6.586E0        1.78E-17        r  4.605E0
85        6.136E8        2.453E8        3.973E-5        7.678E26        8.451E5        2.228E10        2.955E0        6.531E0        2.183E-17        r  4.605E0
86        6.129E8        2.585E8        4.214E-5        7.678E26        8.567E5        2.371E10        3.103E0        6.478E0        2.669E-17        r  4.606E0
87        6.123E8        2.722E8        4.466E-5        7.678E26        8.682E5        2.522E10        3.257E0        6.425E0        3.254E-17        r  4.606E0
88        6.116E8        2.865E8        4.73E-5        7.678E26        8.798E5        2.681E10        3.417E0        6.374E0        3.956E-17        r  4.606E0
89        6.109E8        3.014E8        5.006E-5        7.678E26        8.914E5        2.848E10        3.582E0        6.323E0        4.796E-17        r  4.606E0
90        6.103E8        3.169E8        5.295E-5        7.678E26        9.03E5        3.023E10        3.754E0        6.274E0        5.797E-17        r  4.606E0
91        6.096E8        3.329E8        5.597E-5        7.678E26        9.147E5        3.207E10        3.932E0        6.225E0        6.99E-17        r  4.606E0
92        6.089E8        3.497E8        5.912E-5        7.678E26        9.264E5        3.4E10        4.116E0        6.177E0        8.406E-17        r  4.606E0
93        6.083E8        3.67E8        6.241E-5        7.678E26        9.381E5        3.603E10        4.307E0        6.13E0        1.008E-16        r  4.606E0
94        6.076E8        3.85E8        6.585E-5        7.678E26        9.498E5        3.815E10        4.505E0        6.084E0        1.207E-16        r  4.606E0
95        6.069E8        4.037E8        6.944E-5        7.678E26        9.616E5        4.038E10        4.709E0        6.039E0        1.441E-16        r  4.606E0
96        6.063E8        4.231E8        7.318E-5        7.678E26        9.733E5        4.271E10        4.921E0        5.994E0        1.716E-16        r  4.606E0
97        6.056E8        4.433E8        7.708E-5        7.678E26        9.852E5        4.515E10        5.14E0        5.951E0        2.039E-16        r  4.606E0
98        6.049E8        4.641E8        8.115E-5        7.678E26        9.97E5        4.77E10        5.367E0        5.908E0        2.417E-16        r  4.606E0
99        6.042E8        4.858E8        8.538E-5        7.678E26        1.009E6        5.038E10        5.601E0        5.865E0        2.86E-16        r  4.606E0
100        6.036E8        5.082E8        8.979E-5        7.678E26        1.021E6        5.317E10        5.843E0        5.824E0        3.377E-16        r  4.606E0
101        6.029E8        5.314E8        9.437E-5        7.678E26        1.033E6        5.609E10        6.093E0        5.783E0        3.978E-16        r  4.606E0
102        6.022E8        5.554E8        9.914E-5        7.678E26        1.045E6        5.914E10        6.351E0        5.743E0        4.678E-16        r  4.606E0
103        6.016E8        5.802E8        1.041E-4        7.678E26        1.057E6        6.233E10        6.618E0        5.703E0        5.49E-16        r  4.606E0
104        6.009E8        6.06E8        1.093E-4        7.678E26        1.069E6        6.566E10        6.894E0        5.664E0        6.43E-16        r  4.606E0
105        6.002E8        6.326E8        1.146E-4        7.678E26        1.081E6        6.914E10        7.178E0        5.626E0        7.517E-16        r  4.606E0
106        5.996E8        6.601E8        1.202E-4        7.678E26        1.093E6        7.276E10        7.471E0        5.588E0        8.772E-16        r  4.606E0
107        5.989E8        6.885E8        1.26E-4        7.678E26        1.105E6        7.654E10        7.774E0        5.551E0        1.022E-15        r  4.606E0
108        5.982E8        7.179E8        1.32E-4        7.678E26        1.117E6        8.049E10        8.086E0        5.514E0        1.188E-15        r  4.606E0
109        5.975E8        7.483E8        1.382E-4        7.678E26        1.129E6        8.46E10        8.408E0        5.478E0        1.379E-15        r  4.606E0
110        5.969E8        7.796E8        1.447E-4        7.678E26        1.141E6        8.888E10        8.739E0        5.443E0        1.598E-15        r  4.606E0
111        5.962E8        8.12E8        1.513E-4        7.678E26        1.153E6        9.334E10        9.081E0        5.408E0        1.849E-15        r  4.606E0
112        5.955E8        8.454E8        1.583E-4        7.678E26        1.166E6        9.798E10        9.433E0        5.373E0        2.136E-15        r  4.606E0
113        5.949E8        8.799E8        1.655E-4        7.678E26        1.178E6        1.028E11        9.796E0        5.339E0        2.464E-15        r  4.606E0
114        5.942E8        9.155E8        1.729E-4        7.678E26        1.19E6        1.078E11        1.017E1        5.306E0        2.837E-15        r  4.606E0
115        5.935E8        9.522E8        1.807E-4        7.678E26        1.202E6        1.131E11        1.055E1        5.273E0        3.262E-15        r  4.606E0
116        5.929E8        9.901E8        1.886E-4        7.678E26        1.215E6        1.185E11        1.095E1        5.24E0        3.745E-15        r  4.606E0
117        5.922E8        1.029E9        1.969E-4        7.678E26        1.227E6        1.242E11        1.136E1        5.208E0        4.293E-15        r  4.606E0
118        5.915E8        1.069E9        2.055E-4        7.678E26        1.24E6        1.301E11        1.178E1        5.177E0        4.915E-15        r  4.606E0
119        5.908E8        1.111E9        2.143E-4        7.678E26        1.252E6        1.362E11        1.221E1        5.145E0        5.619E-15        r  4.606E0
120        5.902E8        1.154E9        2.235E-4        7.678E26        1.264E6        1.425E11        1.265E1        5.115E0        6.415E-15        r  4.606E0
121        5.895E8        1.198E9        2.329E-4        7.678E26        1.277E6        1.491E11        1.311E1        5.084E0        7.315E-15        r  4.606E0
122        5.888E8        1.243E9        2.427E-4        7.678E26        1.289E6        1.56E11        1.358E1        5.054E0        8.329E-15        r  4.606E0
123        5.882E8        1.29E9        2.528E-4        7.678E26        1.302E6        1.631E11        1.406E1        5.025E0        9.472E-15        r  4.605E0
124        5.875E8        1.338E9        2.633E-4        7.678E26        1.314E6        1.704E11        1.456E1        4.996E0        1.076E-14        r  4.605E0
125        5.868E8        1.387E9        2.741E-4        7.678E26        1.327E6        1.781E11        1.507E1        4.967E0        1.22E-14        r  4.605E0
126        5.862E8        1.438E9        2.852E-4        7.678E26        1.34E6        1.86E11        1.559E1        4.938E0        1.383E-14        r  4.605E0
127        5.855E8        1.49E9        2.967E-4        7.678E26        1.352E6        1.943E11        1.613E1        4.91E0        1.565E-14        r  4.605E0
128        5.848E8        1.544E9        3.085E-4        7.678E26        1.365E6        2.028E11        1.668E1        4.882E0        1.769E-14        r  4.605E0
129        5.841E8        1.599E9        3.208E-4        7.678E26        1.378E6        2.116E11        1.725E1        4.855E0        1.997E-14        r  4.605E0
130        5.835E8        1.656E9        3.334E-4        7.678E26        1.39E6        2.208E11        1.783E1        4.828E0        2.252E-14        r  4.605E0
131        5.828E8        1.715E9        3.464E-4        7.678E26        1.403E6        2.303E11        1.843E1        4.801E0        2.537E-14        r  4.605E0
132        5.821E8        1.775E9        3.598E-4        7.678E26        1.416E6        2.401E11        1.904E1        4.775E0        2.855E-14        r  4.605E0
133        5.815E8        1.836E9        3.737E-4        7.678E26        1.429E6        2.503E11        1.967E1        4.749E0        3.209E-14        r  4.605E0
134        5.808E8        1.9E9        3.879E-4        7.678E26        1.442E6        2.609E11        2.032E1        4.723E0        3.604E-14        r  4.605E0
135        5.801E8        1.965E9        4.026E-4        7.678E26        1.455E6        2.718E11        2.098E1        4.698E0        4.043E-14        r  4.605E0
136        5.795E8        2.032E9        4.178E-4        7.678E26        1.468E6        2.831E11        2.166E1        4.673E0        4.531E-14        r  4.605E0
137        5.788E8        2.101E9        4.334E-4        7.678E26        1.48E6        2.948E11        2.236E1        4.648E0        5.072E-14        r  4.605E0
138        5.781E8        2.171E9        4.494E-4        7.678E26        1.493E6        3.069E11        2.307E1        4.623E0        5.673E-14        r  4.605E0
139        5.774E8        2.244E9        4.659E-4        7.678E26        1.506E6        3.194E11        2.381E1        4.599E0        6.339E-14        r  4.605E0
140        5.768E8        2.318E9        4.829E-4        7.678E26        1.52E6        3.323E11        2.456E1        4.575E0        7.077E-14        r  4.605E0
141        5.761E8        2.394E9        5.004E-4        7.678E26        1.533E6        3.457E11        2.533E1        4.551E0        7.893E-14        r  4.605E0
142        5.754E8        2.472E9        5.185E-4        7.678E26        1.546E6        3.595E11        2.612E1        4.528E0        8.795E-14        r  4.605E0
143        5.748E8        2.553E9        5.37E-4        7.678E26        1.559E6        3.738E11        2.693E1        4.505E0        9.791E-14        r  4.605E0
144        5.741E8        2.635E9        5.56E-4        7.678E26        1.572E6        3.885E11        2.776E1        4.482E0        1.089E-13        r  4.605E0
145        5.734E8        2.719E9        5.756E-4        7.678E26        1.585E6        4.038E11        2.861E1        4.459E0        1.21E-13        r  4.605E0
146        5.728E8        2.806E9        5.958E-4        7.678E26        1.598E6        4.195E11        2.948E1        4.437E0        1.344E-13        r  4.605E0
147        5.721E8        2.895E9        6.165E-4        7.678E26        1.612E6        4.358E11        3.037E1        4.415E0        1.491E-13        r  4.605E0
148        5.714E8        2.985E9        6.378E-4        7.678E26        1.625E6        4.526E11        3.128E1        4.393E0        1.653E-13        r  4.605E0
149        5.707E8        3.079E9        6.596E-4        7.678E26        1.638E6        4.699E11        3.222E1        4.371E0        1.831E-13        r  4.605E0
150        5.701E8        3.174E9        6.821E-4        7.678E26        1.652E6        4.878E11        3.317E1        4.349E0        2.026E-13        r  4.605E0
151        5.694E8        3.272E9        7.052E-4        7.678E26        1.665E6        5.062E11        3.415E1        4.328E0        2.241E-13        r  4.605E0
152        5.687E8        3.372E9        7.289E-4        7.678E26        1.678E6        5.253E11        3.516E1        4.307E0        2.476E-13        r  4.605E0
153        5.681E8        3.475E9        7.532E-4        7.678E26        1.692E6        5.45E11        3.618E1        4.286E0        2.734E-13        r  4.605E0
154        5.674E8        3.58E9        7.782E-4        7.678E26        1.705E6        5.652E11        3.723E1        4.266E0        3.017E-13        r  4.605E0
155        5.667E8        3.688E9        8.038E-4        7.678E26        1.719E6        5.861E11        3.831E1        4.245E0        3.326E-13        r  4.604E0
156        5.661E8        3.798E9        8.301E-4        7.678E26        1.732E6        6.077E11        3.941E1        4.225E0        3.665E-13        r  4.604E0
157        5.654E8        3.911E9        8.572E-4        7.678E26        1.746E6        6.299E11        4.053E1        4.205E0        4.035E-13        r  4.604E0
158        5.647E8        4.026E9        8.849E-4        7.678E26        1.76E6        6.529E11        4.168E1        4.186E0        4.439E-13        r  4.604E0
159        5.64E8        4.145E9        9.133E-4        7.678E26        1.773E6        6.765E11        4.286E1        4.166E0        4.88E-13        r  4.604E0
160        5.634E8        4.266E9        9.425E-4        7.678E26        1.787E6        7.008E11        4.406E1        4.147E0        5.362E-13        r  4.604E0
161        5.627E8        4.389E9        9.724E-4        7.678E26        1.801E6        7.259E11        4.529E1        4.128E0        5.887E-13        r  4.604E0
162        5.62E8        4.516E9        1.003E-3        7.678E26        1.814E6        7.518E11        4.655E1        4.109E0        6.459E-13        r  4.604E0
163        5.614E8        4.646E9        1.035E-3        7.678E26        1.828E6        7.784E11        4.784E1        4.09E0        7.082E-13        r  4.604E0
164        5.607E8        4.778E9        1.067E-3        7.678E26        1.842E6        8.058E11        4.915E1        4.071E0        7.76E-13        r  4.604E0
165        5.6E8        4.914E9        1.1E-3        7.678E26        1.856E6        8.341E11        5.05E1        4.053E0        8.498E-13        r  4.604E0
166        5.594E8        5.052E9        1.134E-3        7.678E26        1.87E6        8.631E11        5.187E1        4.034E0        9.3E-13        r  4.604E0
167        5.587E8        5.194E9        1.168E-3        7.678E26        1.883E6        8.931E11        5.328E1        4.016E0        1.017E-12        r  4.604E0
168        5.58E8        5.339E9        1.204E-3        7.678E26        1.897E6        9.239E11        5.471E1        3.998E0        1.112E-12        r  4.604E0
169        5.573E8        5.487E9        1.24E-3        7.678E26        1.911E6        9.556E11        5.618E1        3.981E0        1.214E-12        r  4.604E0
170        5.567E8        5.639E9        1.278E-3        7.678E26        1.925E6        9.883E11        5.768E1        3.963E0        1.326E-12        r  4.604E0
171        5.56E8        5.794E9        1.316E-3        7.678E26        1.939E6        1.022E12        5.921E1        3.946E0        1.447E-12        r  4.604E0
172        5.553E8        5.952E9        1.355E-3        7.678E26        1.953E6        1.056E12        6.077E1        3.928E0        1.577E-12        r  4.603E0
173        5.547E8        6.113E9        1.395E-3        7.678E26        1.967E6        1.092E12        6.237E1        3.911E0        1.719E-12        r  4.603E0
174        5.54E8        6.279E9        1.436E-3        7.678E26        1.982E6        1.129E12        6.4E1        3.894E0        1.872E-12        r  4.603E0
175        5.533E8        6.447E9        1.478E-3        7.678E26        1.996E6        1.166E12        6.566E1        3.877E0        2.038E-12        r  4.603E0
176        5.527E8        6.62E9        1.521E-3        7.678E26        2.01E6        1.205E12        6.736E1        3.861E0        2.218E-12        r  4.603E0
177        5.52E8        6.796E9        1.565E-3        7.678E26        2.024E6        1.245E12        6.91E1        3.844E0        2.411E-12        r  4.603E0
178        5.513E8        6.976E9        1.61E-3        7.678E26        2.039E6        1.286E12        7.087E1        3.828E0        2.621E-12        r  4.603E0
179        5.507E8        7.159E9        1.656E-3        7.678E26        2.053E6        1.328E12        7.268E1        3.812E0        2.847E-12        r  4.603E0
180        5.5E8        7.347E9        1.703E-3        7.678E26        2.067E6        1.371E12        7.453E1        3.796E0        3.091E-12        r  4.603E0
181        5.493E8        7.538E9        1.751E-3        7.678E26        2.082E6        1.415E12        7.641E1        3.78E0        3.354E-12        r  4.603E0
182        5.486E8        7.734E9        1.8E-3        7.678E26        2.096E6        1.461E12        7.834E1        3.764E0        3.638E-12        r  4.603E0
183        5.48E8        7.933E9        1.851E-3        7.678E26        2.11E6        1.508E12        8.03E1        3.748E0        3.944E-12        r  4.603E0
184        5.473E8        8.137E9        1.902E-3        7.678E26        2.125E6        1.556E12        8.231E1        3.733E0        4.273E-12        r  4.603E0
185        5.466E8        8.345E9        1.955E-3        7.678E26        2.139E6        1.606E12        8.435E1        3.717E0        4.628E-12        r  4.602E0
186        5.46E8        8.557E9        2.009E-3        7.678E26        2.154E6        1.657E12        8.644E1        3.702E0        5.009E-12        r  4.602E0
187        5.453E8        8.774E9        2.064E-3        7.678E26        2.169E6        1.709E12        8.857E1        3.687E0        5.42E-12        r  4.602E0
188        5.446E8        8.995E9        2.12E-3        7.678E26        2.183E6        1.763E12        9.074E1        3.672E0        5.861E-12        r  4.602E0
189        5.44E8        9.22E9        2.177E-3        7.678E26        2.198E6        1.818E12        9.295E1        3.657E0        6.336E-12        r  4.602E0
190        5.433E8        9.45E9        2.236E-3        7.678E26        2.212E6        1.874E12        9.521E1        3.642E0        6.845E-12        r  4.602E0
191        5.426E8        9.685E9        2.296E-3        7.678E26        2.227E6        1.932E12        9.752E1        3.627E0        7.393E-12        r  4.602E0
192        5.419E8        9.924E9        2.357E-3        7.678E26        2.242E6        1.992E12        9.987E1        3.613E0        7.98E-12        r  4.602E0
193        5.413E8        1.017E10        2.42E-3        7.678E26        2.257E6        2.053E12        1.023E2        3.598E0        8.611E-12        r  4.602E0
194        5.406E8        1.042E10        2.484E-3        7.678E26        2.272E6        2.116E12        1.047E2        3.584E0        9.287E-12        r  4.602E0
195        5.399E8        1.067E10        2.549E-3        7.678E26        2.286E6        2.181E12        1.072E2        3.57E0        1.001E-11        r  4.601E0
196        5.393E8        1.093E10        2.616E-3        7.678E26        2.301E6        2.247E12        1.097E2        3.556E0        1.079E-11        r  4.601E0
197        5.386E8        1.119E10        2.684E-3        7.678E26        2.316E6        2.315E12        1.123E2        3.542E0        1.162E-11        r  4.601E0
198        5.379E8        1.146E10        2.753E-3        7.678E26        2.331E6        2.385E12        1.15E2        3.528E0        1.251E-11        r  4.601E0
199        5.373E8        1.174E10        2.824E-3        7.678E26        2.346E6        2.456E12        1.177E2        3.514E0        1.347E-11        r  4.601E0
200        5.366E8        1.202E10        2.897E-3        7.678E26        2.361E6        2.529E12        1.204E2        3.501E0        1.449E-11        r  4.601E0
201        5.359E8        1.23E10        2.971E-3        7.678E26        2.377E6        2.605E12        1.232E2        3.487E0        1.558E-11        r  4.601E0
202        5.352E8        1.259E10        3.046E-3        7.678E26        2.392E6        2.682E12        1.261E2        3.474E0        1.675E-11        r  4.601E0
203        5.346E8        1.289E10        3.123E-3        7.678E26        2.407E6        2.761E12        1.29E2        3.46E0        1.8E-11        r  4.6E0
204        5.339E8        1.319E10        3.202E-3        7.678E26        2.422E6        2.842E12        1.319E2        3.447E0        1.933E-11        r  4.6E0
205        5.332E8        1.35E10        3.282E-3        7.678E26        2.437E6        2.926E12        1.349E2        3.434E0        2.076E-11        r  4.6E0
206        5.326E8        1.381E10        3.364E-3        7.678E26        2.453E6        3.011E12        1.38E2        3.421E0        2.228E-11        r  4.6E0
207        5.319E8        1.413E10        3.447E-3        7.678E26        2.468E6        3.098E12        1.411E2        3.408E0        2.39E-11        r  4.6E0
208        5.312E8        1.446E10        3.533E-3        7.678E26        2.483E6        3.188E12        1.443E2        3.395E0        2.564E-11        r  4.6E0
209        5.306E8        1.479E10        3.619E-3        7.678E26        2.499E6        3.28E12        1.476E2        3.382E0        2.749E-11        r  4.6E0
210        5.299E8        1.512E10        3.708E-3        7.678E26        2.514E6        3.374E12        1.509E2        3.37E0        2.946E-11        r  4.6E0
211        5.292E8        1.547E10        3.798E-3        7.678E26        2.53E6        3.471E12        1.543E2        3.357E0        3.156E-11        r  4.599E0
212        5.285E8        1.582E10        3.89E-3        7.678E26        2.545E6        3.57E12        1.577E2        3.345E0        3.38E-11        r  4.599E0
213        5.279E8        1.618E10        3.984E-3        7.678E26        2.561E6        3.671E12        1.612E2        3.332E0        3.619E-11        r  4.599E0
214        5.272E8        1.654E10        4.08E-3        7.678E26        2.576E6        3.775E12        1.647E2        3.32E0        3.873E-11        r  4.599E0
215        5.265E8        1.691E10        4.178E-3        7.678E26        2.592E6        3.882E12        1.684E2        3.308E0        4.143E-11        r  4.599E0
216        5.259E8        1.728E10        4.277E-3        7.678E26        2.607E6        3.991E12        1.721E2        3.296E0        4.431E-11        r  4.599E0
217        5.252E8        1.767E10        4.379E-3        7.678E26        2.623E6        4.103E12        1.758E2        3.284E0        4.738E-11        r  4.598E0
218        5.245E8        1.806E10        4.482E-3        7.678E26        2.639E6        4.217E12        1.797E2        3.272E0        5.064E-11        r  4.598E0
219        5.239E8        1.846E10        4.588E-3        7.678E26        2.655E6        4.334E12        1.836E2        3.26E0        5.41E-11        r  4.598E0
220        5.232E8        1.886E10        4.695E-3        7.678E26        2.671E6        4.454E12        1.875E2        3.248E0        5.779E-11        r  4.598E0
221        5.225E8        1.927E10        4.804E-3        7.678E26        2.686E6        4.577E12        1.916E2        3.236E0        6.17E-11        r  4.598E0
222        5.218E8        1.969E10        4.916E-3        7.678E26        2.702E6        4.703E12        1.957E2        3.225E0        6.586E-11        r  4.598E0
223        5.212E8        2.012E10        5.029E-3        7.678E26        2.718E6        4.832E12        1.999E2        3.213E0        7.028E-11        r  4.597E0
224        5.205E8        2.055E10        5.145E-3        7.678E26        2.734E6        4.964E12        2.041E2        3.202E0        7.497E-11        r  4.597E0
225        5.198E8        2.099E10        5.263E-3        7.678E26        2.75E6        5.099E12        2.085E2        3.19E0        7.995E-11        r  4.597E0
226        5.192E8        2.144E10        5.383E-3        7.678E26        2.766E6        5.238E12        2.129E2        3.179E0        8.523E-11        r  4.597E0
227        5.185E8        2.19E10        5.505E-3        7.678E26        2.782E6        5.379E12        2.174E2        3.168E0        9.084E-11        r  4.597E0
228        5.178E8        2.236E10        5.63E-3        7.678E26        2.799E6        5.524E12        2.22E2        3.156E0        9.678E-11        r  4.596E0
229        5.172E8        2.284E10        5.757E-3        7.678E26        2.815E6        5.673E12        2.266E2        3.145E0        1.031E-10        r  4.596E0
230        5.165E8        2.332E10        5.886E-3        7.678E26        2.831E6        5.825E12        2.313E2        3.134E0        1.098E-10        r  4.596E0
231        5.158E8        2.381E10        6.017E-3        7.678E26        2.847E6        5.98E12        2.362E2        3.123E0        1.168E-10        r  4.596E0
232        5.151E8        2.431E10        6.151E-3        7.678E26        2.864E6        6.139E12        2.411E2        3.112E0        1.244E-10        r  4.596E0
233        5.145E8        2.481E10        6.287E-3        7.678E26        2.88E6        6.302E12        2.461E2        3.102E0        1.323E-10        r  4.595E0
234        5.138E8        2.533E10        6.426E-3        7.678E26        2.896E6        6.469E12        2.511E2        3.091E0        1.407E-10        r  4.595E0
235        5.131E8        2.585E10        6.567E-3        7.678E26        2.913E6        6.639E12        2.563E2        3.08E0        1.496E-10        r  4.595E0
236        5.125E8        2.639E10        6.711E-3        7.678E26        2.929E6        6.813E12        2.616E2        3.07E0        1.59E-10        r  4.595E0
237        5.118E8        2.693E10        6.857E-3        7.678E26        2.946E6        6.992E12        2.669E2        3.059E0        1.69E-10        r  4.595E0
238        5.111E8        2.748E10        7.006E-3        7.678E26        2.962E6        7.174E12        2.723E2        3.048E0        1.796E-10        r  4.594E0
239        5.105E8        2.804E10        7.158E-3        7.678E26        2.979E6        7.361E12        2.779E2        3.038E0        1.907E-10        r  4.594E0
240        5.098E8        2.861E10        7.312E-3        7.678E26        2.996E6        7.551E12        2.835E2        3.028E0        2.025E-10        r  4.594E0
241        5.091E8        2.919E10        7.469E-3        7.678E26        3.012E6        7.747E12        2.892E2        3.017E0        2.15E-10        r  4.594E0
242        5.084E8        2.978E10        7.629E-3        7.678E26        3.029E6        7.946E12        2.95E2        3.007E0        2.282E-10        r  4.593E0
243        5.078E8        3.038E10        7.791E-3        7.678E26        3.046E6        8.15E12        3.009E2        2.997E0        2.421E-10        r  4.593E0
244        5.071E8        3.099E10        7.956E-3        7.678E26        3.063E6        8.359E12        3.069E2        2.987E0        2.568E-10        r  4.593E0
245        5.064E8        3.161E10        8.124E-3        7.678E26        3.079E6        8.572E12        3.131E2        2.977E0        2.724E-10        r  4.593E0
246        5.058E8        3.224E10        8.295E-3        7.678E26        3.096E6        8.791E12        3.193E2        2.967E0        2.888E-10        r  4.592E0
247        5.051E8        3.288E10        8.469E-3        7.678E26        3.113E6        9.014E12        3.256E2        2.957E0        3.061E-10        r  4.592E0
248        5.044E8        3.353E10        8.646E-3        7.678E26        3.13E6        9.242E12        3.32E2        2.947E0        3.244E-10        r  4.592E0
249        5.038E8        3.419E10        8.826E-3        7.678E26        3.147E6        9.475E12        3.386E2        2.937E0        3.437E-10        r  4.592E0
250        5.031E8        3.486E10        9.009E-3        7.678E26        3.164E6        9.713E12        3.452E2        2.928E0        3.64E-10        r  4.591E0
251        5.024E8        3.554E10        9.195E-3        7.678E26        3.181E6        9.957E12        3.52E2        2.918E0        3.855E-10        r  4.591E0
252        5.017E8        3.624E10        9.384E-3        7.678E26        3.199E6        1.021E13        3.588E2        2.908E0        4.081E-10        r  4.591E0
253        5.011E8        3.694E10        9.576E-3        7.678E26        3.216E6        1.046E13        3.658E2        2.899E0        4.319E-10        r  4.59E0
254        5.004E8        3.766E10        9.772E-3        7.678E26        3.233E6        1.072E13        3.729E2        2.889E0        4.571E-10        r  4.59E0
255        4.997E8        3.839E10        9.971E-3        7.678E26        3.25E6        1.099E13        3.801E2        2.88E0        4.836E-10        r  4.59E0
256        4.991E8        3.913E10        1.017E-2        7.678E26        3.268E6        1.126E13        3.875E2        2.87E0        5.115E-10        r  4.59E0
257        4.924E8        4.722E10        1.234E-2        7.678E26        3.447E6        1.439E13        4.694E2        2.777E0        8.953E-10        r  4.567E0
258        4.857E8        5.668E10        1.489E-2        7.678E26        3.631E6        1.826E13        5.658E2        2.689E0        1.533E-9        r  4.564E0
259        4.79E8        6.77E10        1.787E-2        7.678E26        3.82E6        2.304E13        6.785E2        2.606E0        2.575E-9        r  4.561E0
260        4.723E8        8.048E10        2.134E-2        7.678E26        4.014E6        2.891E13        8.101E2        2.526E0        4.243E-9        r  4.557E0
261        4.656E8        9.524E10        2.536E-2        7.678E26        4.214E6        3.607E13        9.631E2        2.451E0        6.875E-9        r  4.553E0
262        4.589E8        1.122E11        2.998E-2        7.678E26        4.418E6        4.478E13        1.14E3        2.378E0        1.096E-8        r  4.547E0
263        4.522E8        1.317E11        3.529E-2        7.678E26        4.628E6        5.532E13        1.345E3        2.309E0        1.722E-8        r  4.541E0
264        4.455E8        1.54E11        4.135E-2        7.678E26        4.843E6        6.804E13        1.581E3        2.242E0        2.669E-8        r  4.533E0
265        4.388E8        1.794E11        4.825E-2        7.678E26        5.064E6        8.332E13        1.851E3        2.178E0        4.08E-8        r  4.525E0
266        4.321E8        2.082E11        5.608E-2        7.678E26        5.291E6        1.016E14        2.161E3        2.115E0        6.161E-8        r  4.515E0
267        4.254E8        2.408E11        6.491E-2        7.677E26        5.524E6        1.234E14        2.514E3        2.055E0        9.194E-8        r  4.503E0
268        4.187E8        2.776E11        7.484E-2        7.677E26        5.762E6        1.493E14        2.915E3        1.997E0        1.356E-7        r  4.49E0
269        4.12E8        3.19E11        8.598E-2        7.677E26        6.006E6        1.798E14        3.37E3        1.941E0        1.979E-7        r  4.475E0
270        4.053E8        3.654E11        9.842E-2        7.677E26        6.257E6        2.158E14        3.883E3        1.886E0        2.858E-7        r  4.458E0
271        3.986E8        4.173E11        1.122E-1        7.677E26        6.513E6        2.581E14        4.46E3        1.832E0        4.086E-7        r  4.439E0
272        3.919E8        4.751E11        1.276E-1        7.677E26        6.775E6        3.073E14        5.106E3        1.78E0        5.782E-7        r  4.418E0
273        3.852E8        5.393E11        1.445E-1        7.676E26        7.043E6        3.645E14        5.826E3        1.728E0        8.103E-7        r  4.394E0
274        3.785E8        6.103E11        1.631E-1        7.676E26        7.316E6        4.307E14        6.626E3        1.678E0        1.125E-6        r  4.367E0
275        3.718E8        6.884E11        1.835E-1        7.675E26        7.595E6        5.067E14        7.51E3        1.628E0        1.546E-6        r  4.336E0
276        3.651E8        7.743E11        2.057E-1        7.673E26        7.88E6        5.937E14        8.481E3        1.58E0        2.106E-6        r  4.302E0
277        3.584E8        8.681E11        2.299E-1        7.671E26        8.169E6        6.924E14        9.543E3        1.532E0        2.842E-6        r  4.264E0
278        3.517E8        9.702E11        2.56E-1        7.667E26        8.462E6        8.04E14        1.07E4        1.484E0        3.798E-6        r  4.222E0
279        3.45E8        1.081E12        2.841E-1        7.662E26        8.76E6        9.29E14        1.194E4        1.437E0        5.03E-6        r  4.175E0
280        3.383E8        1.2E12        3.142E-1        7.655E26        9.061E6        1.068E15        1.327E4        1.391E0        6.599E-6        r  4.122E0
281        3.316E8        1.328E12        3.462E-1        7.646E26        9.365E6        1.221E15        1.468E4        1.345E0        8.575E-6        r  4.063E0
282        3.249E8        1.465E12        3.801E-1        7.633E26        9.671E6        1.389E15        1.617E4        1.3E0        1.104E-5        r  3.997E0
283        3.182E8        1.61E12        4.159E-1        7.615E26        9.978E6        1.571E15        1.772E4        1.255E0        1.408E-5        r  3.924E0
284        3.115E8        1.762E12        4.534E-1        7.591E26        1.029E7        1.766E15        1.932E4        1.211E0        1.778E-5        r  3.843E0
285        3.048E8        1.923E12        4.923E-1        7.56E26        1.059E7        1.972E15        2.095E4        1.167E0        2.226E-5        r  3.752E0
286        2.981E8        2.09E12        5.327E-1        7.52E26        1.09E7        2.187E15        2.259E4        1.123E0        2.76E-5        r  3.65E0
287        2.914E8        2.262E12        5.741E-1        7.47E26        1.12E7        2.41E15        2.422E4        1.08E0        3.391E-5        r  3.536E0
288        2.847E8        2.44E12        6.163E-1        7.407E26        1.15E7        2.635E15        2.58E4        1.038E0        4.131E-5        r  3.407E0
289        2.78E8        2.62E12        6.59E-1        7.33E26        1.179E7        2.86E15        2.73E4        9.959E-1        4.99E-5        r  3.26E0
290        2.713E8        2.803E12        7.019E-1        7.236E26        1.208E7        3.079E15        2.871E4        9.546E-1        5.98E-5        r  3.094E0
291        2.646E8        2.987E12        7.446E-1        7.126E26        1.235E7        3.289E15        2.997E4        9.141E-1        7.111E-5        r  2.902E0
292        2.579E8        3.169E12        7.868E-1        6.996E26        1.262E7        3.483E15        3.107E4        8.741E-1        8.394E-5        r  2.68E0
293        2.512E8        3.35E12        8.282E-1        6.846E26        1.287E7        3.657E15        3.198E4        8.364E-1        9.81E-5        c  2.475E0
294        2.445E8        3.528E12        8.684E-1        6.678E26        1.309E7        3.805E15        3.271E4        8.038E-1        1.128E-4        c  2.343E0
295        2.378E8        3.702E12        9.071E-1        6.493E26        1.328E7        3.923E15        3.325E4        7.758E-1        1.272E-4        c  2.149E0
296        2.311E8        3.873E12        9.442E-1        6.296E26        1.343E7        4.006E15        3.357E4        7.519E-1        1.403E-4        c  1.84E0
297        2.244E8        4.04E12        9.793E-1        6.092E26        1.355E7        4.052E15        3.366E4        7.316E-1        1.509E-4        c  1.302E0
298        2.177E8        4.205E12        1.012E0        5.892E26        1.355E7        4.056E15        3.368E4        7.309E-1        1.515E-4        c  2.494E0
299        2.11E8        4.37E12        1.043E0        5.708E26        1.35E7        4.017E15        3.348E4        7.373E-1        1.459E-4        c  2.495E0
300        2.043E8        4.532E12        1.072E0        5.542E26        1.351E7        3.933E15        3.276E4        7.236E-1        1.434E-4        c  -4.016E1
301        1.976E8        4.687E12        1.098E0        5.396E26        1.347E7        3.804E15        3.177E4        7.129E-1        1.361E-4        r  1.256E1
302        1.909E8        4.838E12        1.122E0        5.273E26        1.329E7        3.631E15        3.073E4        7.268E-1        1.187E-4        r  3.481E0
303        1.842E8        4.987E12        1.143E0        5.179E26        1.306E7        3.417E15        2.945E4        7.472E-1        9.97E-5        r  3.377E0
304        1.775E8        5.133E12        1.161E0        5.11E26        1.276E7        3.164E15        2.791E4        7.75E-1        8.082E-5        r  3.321E0
305        1.708E8        5.276E12        1.178E0        5.062E26        1.239E7        2.878E15        2.612E4        8.117E-1        6.327E-5        r  3.29E0
306        1.641E8        5.417E12        1.192E0        5.03E26        1.197E7        2.564E15        2.411E4        8.593E-1        4.774E-5        r  3.276E0
307        1.574E8        5.547E12        1.203E0        5.01E26        1.168E7        2.229E15        2.147E4        8.513E-1        3.739E-5        r  5.844E0
308        1.507E8        5.662E12        1.213E0        4.998E26        1.134E7        1.89E15        1.875E4        8.467E-1        2.8E-5        r  5.574E0
309        1.44E8        5.76E12        1.22E0        4.991E26        1.094E7        1.556E15        1.599E4        8.454E-1        1.993E-5        r  5.393E0
310        1.373E8        5.843E12        1.226E0        4.987E26        1.048E7        1.236E15        1.327E4        8.471E-1        1.335E-5        r  5.27E0
311        1.306E8        5.911E12        1.23E0        4.985E26        9.941E6        9.398E14        1.063E4        8.518E-1        8.294E-6        r  5.188E0
312        1.239E8        5.965E12        1.233E0        4.984E26        9.33E6        6.766E14        8.154E3        8.591E-1        4.677E-6        r  5.137E0
313        1.172E8        6.005E12        1.235E0        4.984E26        8.637E6        4.535E14        5.903E3        8.683E-1        2.319E-6        r  5.113E0
314        1.105E8        6.034E12        1.236E0        4.984E26        7.85E6        2.759E14        3.949E3        8.781E-1        9.622E-7        r  5.105E0
315        1.038E8        6.053E12        1.237E0        4.984E26        6.956E6        1.463E14        2.362E3        8.876E-1        3.076E-7        r  5.08E0
316        9.713E7        6.063E12        1.237E0        4.984E26        5.903E6        6.337E13        1.205E3        9.175E-1        6.42E-8        r  4.831E0
317        9.044E7        6.07E12        1.237E0        4.984E26        4.353E6        2.101E13        5.42E2        1.391E0        4.746E-9        r  3.321E0
318        8.374E7                1.237E0        4.984E26        2.551E6        -5.871E11        -1E0                -2.183E-13        r  4.053E0
319 0 NaN 1.2374874208763338 4.9837637124458905E26 -2551228.6736690635 2.01859430284338848E17 -493325.5352828026 -99.9 -5.275094060683037E-4  * -99.9
